bounce cost: 0.1

Original prices: [1.2073033413116259, 1.2028066535593778, 1.2040796323585596, 0.9651040559009236, 0.9965181338334103, 1.1163833272876835, 0.9697127343425564, 1.200702552397794, 1.129977671862828, 1.1350498118397576, 1.22053574[192/1909]
.9909623410224148, 1.056972765881873, 0.9733183225906682, 1.1961737012124385, 1.0065724465935701, 1.1426584631506207, 1.133302054874626, 0.9389162251915792, 1.18241708034049, 1.2833749342108556, 1.0896597001233244, 1.0425392104948425, 1
.009006823152656, 1.0368412874178818, 1.1591537248399288, 1.0509637183400573, 1.1453857364465596, 1.0591487957271857, 1.1612609339984443, 1.0454773201182024, 1.1151162401544144, 0.9627756237007914, 1.2189455975307755, 1.0520597445973714
, 1.0786573961697468, 1.0123591040364874, 1.0588209076901138, 1.3572021222388004, 0.9721361358641957, 1.0716708205913816, 1.000612813985003, 1.2163964342569022, 1.1482679661411381, 1.206025454603492, 0.985100762332259, 1.119499788796134
4, 0.9459444628694593, 0.8731763302308677, 1.3188005288247049, 1.2236613533922363, 0.9729631451864735, 1.0707660740149636, 1.1981198967681546, 1.232792981810525, 1.0251003091847457, 1.0001694804923211, 0.9821860831978549], alpha: 0.0051
696210714377785                                                                                                                                                                                                                             
Overall derivatives: [-56.4371878992641, -59.51691614659893, -0.5290329216407486, 0.6273399939763635, 4.556659657020816, -1.0272329338701702, -0.35959199289436583, -14.958342768015527, -0.06987724052997635, 6.8974172255079225, -40.91156
282648399, -0.10797436089085011, -0.059800107614691456, 5.877353733911548, -35.687212395203574, 0.031150857662636255, -1.9117772339036065, 0.8091317655095054, 15.971054027440772, -9.005091740307876, -86.19911497617082, 53.23325114555999
, -1.9583294888346359, 0.06581639363014702, 7.356547259660093, -0.9423480160737796, 1.2093281206249884, -1.2636569069535852, 0.0943432822495538, -30.068522897577736, 0.024072015922360634, 0.45799067965383244, 3.0372522475096275, -38.439
935755536396, 0.7957826296356529, -6.441090037897226, 0.9900112886675316, 0.0022504283407087655, -32.90065513828743, 1.2137416647635746, 29.623753329754408, 54.94218290685126, -18.50706301082724, -1.025849396791223, -0.5058991867427487,
 -0.1701604253362632, -1.2390390723425782, 133.78613919992233, 25.68136030865034, -115.87294211860524, -60.57785308349651, -0.41337498308962495, 5.665835761109559, -2.8430736717015037, -65.86781775527868, 134.65732211044397, -0.45337388
 22938105, -1.2262318607793077]                                                                                                                                                                                                              
 Rebalancing derivatives: [-0.0, 0.0, -0.0, 0.0, 0.0, -0.0, 0.0, -0.0, -0.0, -0.0, -0.0, 0.0, 0.0, 0.0, 0.0, -0.0, -0.0, -0.0, 0.0, -0.0, 0.0, -0.0, -0.0, -0.0, 0.0, -0.0, -0.0, -0.0, -0.0, -0.0, -0.0, -0.0, 0.0, -0.0, -0.0, 0.0, 0.0, -0
 .0, -0.0, 0.0, -0.0, -0.0, -0.0, -0.0, -0.0, 0.0, -0.0, -0.0, 0.0, 0.0, 0.0, 0.0, 0.0, -0.0, 0.0, -0.0, 0.0, 0.0]                                                                                                                           
 Pricing derivatives: [-56.4371878992641, -59.51691614659893, -0.5290329216407486, 0.6273399939763635, 4.556659657020816, -1.0272329338701702, -0.35959199289436583, -14.958342768015527, -0.06987724052997635, 6.8974172255079225, -40.91156
 282648399, -0.10797436089085011, -0.059800107614691456, 5.877353733911548, -35.687212395203574, 0.031150857662636255, -1.9117772339036065, 0.8091317655095054, 15.971054027440772, -9.005091740307876, -86.19911497617082, 53.23325114555999
 , -1.9583294888346359, 0.06581639363014702, 7.356547259660093, -0.9423480160737796, 1.2093281206249884, -1.2636569069535852, 0.0943432822495538, -30.068522897577736, 0.024072015922360634, 0.45799067965383244, 3.0372522475096275, -38.439
 935755536396, 0.7957826296356529, -6.441090037897226, 0.9900112886675316, 0.0022504283407087655, -32.90065513828743, 1.2137416647635746, 29.623753329754408, 54.94218290685126, -18.50706301082724, -1.025849396791223, -0.5058991867427487,
  -0.1701604253362632, -1.2390390723425782, 133.78613919992233, 25.68136030865034, -115.87294211860524, -60.57785308349651, -0.41337498308962495, 5.665835761109559, -2.8430736717015037, -65.86781775527868, 134.65732211044397, -0.45337388
  22938105, -1.2262318607793077]                                                                                                                                                                                                              
  New prices: [0.915544465534897, 0.9028066535593777, 1.2013447326193614, 0.9683471659527395, 1.0200743376117156, 1.1110729222674733, 0.9678537799989694, 1.123373588430472, 1.1296164330077703, 1.1707068452672413, 1.0090384707902258, 0.990
  4041544911784, 1.056663621985474, 1.0037020142977908, 1.0116843360333185, 1.0067334847237364, 1.1327752992783375, 1.1374849594991736, 1.0214805226249082, 1.1358641683295643, 0.9833749342108555, 1.3648554369465504, 1.0324153891045451, 1.
  0093470689680126, 1.0748718491444484, 1.1542821426794063, 1.0572154864747225, 1.1388531090733045, 1.0596365147470517, 1.0058180644401171, 1.0456017633189465, 1.117483878422475, 0.9784770669187889, 1.02022569566424, 1.05617363924782, 1.0
  453594013868053, 1.0174770872553445, 1.0588325415518838, 1.187118202171802, 0.9784107203496394, 1.224814400019955, 1.2846430804510498, 1.120721931345703, 1.1429647134833645, 1.2034101475076835, 0.9842210974119158, 1.1130944262994176, 1.
  2459444628694594, 1.0059392316256524, 1.0188005288247048, 0.9236613533922362, 0.9708261531634882, 1.1000562979529014, 1.1834222832072765, 0.932792981810525, 1.3251003091847458, 0.9978257093171755, 0.9758469291319019]                    
  orig cell_levels: [11.008338566422646, 12.007771901556339, 10.960183986456554, 4.839481095866393, 6.202409134374104, 9.291271626370719, 4.512546412623067, 10.86743261008694, 10.585194728672494, 13.135402942169694, 11.311293289192712, 5.
  641822912843949, 10.395204350005871, 6.393525155340993, 9.4809369488323, 6.320021198715982, 12.397162794527672, 9.736702780855627, 7.795169186520319, 12.088929565307218, 11.012740071094239, 11.841258381409315, 6.946923725922271, 6.51366
  9106119297, 7.5603040535747175, 13.243410789107395, 10.32317617867263, 10.083770118508262, 6.88672180476085, 10.85538186794569, 7.050920566872203, 11.651237446060618, 8.404656449880669, 10.216781659421029, 11.01056930825914, 10.78397827
  2464182, 4.544629621050503, 8.214646528133084, 13.575022151589314, 4.530529514028278, 13.396039895863781, 12.439522959773186, 12.1686101917292, 11.063599768234319, 9.103419914533966, 6.581713785185805, 10.952402173567414, 12.99572786817
  3955, 5.914487727976837, 12.462426948132261, 10.98968915867903, 5.340902557349909, 6.79910136682173, 8.972817663063477, 13.107376443799797, 13.329256896449191, 5.707859990263176, 4.936250186543744]                                       
  new cell_levels: [10.910263694043913, 11.887050999654425, 11.078922545005936, 4.80247122422774, 6.243853046366196, 9.356695383865606, 4.450014765927066, 10.906561094931538, 10.813140736832082, 13.282041698047788, 11.191000247303814, 5.6
  3605500155442, 10.51261571678937, 6.404773409417182, 9.384891834293951, 6.31895975070492, 12.888462536557505, 9.802482457242823, 7.767565655685515, 12.16734381058841, 10.914495077578293, 12.753196035574028, 7.109241630507764, 6.49353114
  765996, 7.615697450261949, 13.394421903739808, 10.18906723227633, 10.185081919024595, 6.8790505904589105, 10.758732896403696, 7.089597590865695, 11.819171227509552, 8.3267702237763, 10.435242927839518, 11.039466373329613, 10.78324472453
  7916, 4.502895116673919, 8.2580457477242, 13.70965675739637, 4.521534946526166, 13.722490087013352, 12.697889890910954, 12.21683304432491, 11.183331727565076, 9.153377091071004, 6.617807550266056, 11.016453482658852, 12.561579641033006,
   5.814558359812091, 12.371157944556415, 10.972874188850858, 5.284305473312485, 6.740230110263576, 8.998958463585057, 13.04159363975344, 13.877704492680515, 5.761291024224656, 4.9136794255785805]                                          
   At iteration 15...profit: 3725.979588226855, regret: 126.01421688368605 rebalancing costs: 0.0                                                                                                                                              
   previous iterations: [3062.0655119800754, 3289.189231790027, 3306.113958098619, 3400.070276739887, 3447.8598915707025, 3513.207729483731, 3525.536336078917, 3577.7873673436275, 3619.481536175377, 3632.583332282522, 3650.552173395041, 36
   61.036880904856, 3730.778026673863, 3705.1668839904737, 3747.3081674822224, 3725.979588226855]                                                                                                                                              
   .with rebalancing costs: [0.0, 0.0, 0.0, 0.0, 0.0, 0.0, 0.0, 0.0, 0.0, 0.0, 0.0, 0.0, 0.0, 0.0, 0.0, 0.0]                                                                                                                                   
   and regret: [978.4303412693422, 424.2327365576793, 408.71815493089883, 306.37304001410064, 293.6446868609862, 234.63905737606262, 241.9648912955947, 194.97910069493383, 199.46911942267832, 183.8726817931177, 192.7265675996149, 161.70625
   178055192, 139.65896674646714, 141.4688494208944, 128.93171692011475, 126.01421688368605]                                                                                                                                                   
   running hours: 5 -> 21                                                                                                                                                                                                                      
   Running Trajectory-Based Control (parallelized, limit: False)
   Reward: 2135.3632633819757, regret: 1847.6435516263082, arrivals: 124.27887957500951, bounces: 428.525227913408
   Iteration complete, time: 334.5097669370007, error: inf
   Reward: 3650.0059363063137, regret: 371.18167953607997, arrivals: 2407.7699100422005, bounces: 990.3698867234261
   Iteration complete, time: 673.1319816650066, error: 15.702388743801283
   Reward: 3907.183473609479, regret: 114.66705155369277, arrivals: 3673.614052815053, bounces: 1410.9132930670642
   Iteration complete, time: 1032.103323117015, error: 13.635305447155226
   Reward: 3910.142822245738, regret: 111.95007106701867, arrivals: 3752.2021596935188, bounces: 1430.6600710676905
   Iteration complete, time: 1397.1112908140058, error: 1.917088290129886
   Reward: 3909.9131582411624, regret: 112.31104666128016, arrivals: 3752.6516374089783, bounces: 1430.8607525567054
Trajectory-Based Iteration finished, time: 1749.4646395730088, profit 3909.9131582411633
reward: 3909.9131582411624, bounces: 1430.8607525567054, profits: 3766.8270829854923
