reb cost: 0.1, bounce cost: 0.5

running hours: 5 -> 21                                                                                                                                                                                                                      
Running Trajectory-Based Control (parallelized, limit: False)                                                                                                                                                                               
Reward: 2022.2152533656429, regret: 2083.699275302062, arrivals: 125.11438082781976, bounces: 16.990553797332556                                                                                                                            
Iteration complete, time: 184.81504884298192, error: inf                                                                                                                                                                                    
Reward: 3343.5942604373145, regret: 761.9060130697776, arrivals: 2505.861133986853, bounces: 1090.9941367779488                                                                                                                             
Iteration complete, time: 370.4370862710057, error: 34.985826660587406                                                                                                                                                                      
Reward: 3641.9945134224467, regret: 463.6484311138368, arrivals: 3788.9775909554887, bounces: 2367.356749093892                                                                                                                             
Iteration complete, time: 555.2799139689887, error: 19.854425671208276                                                                                                                                                                      
Reward: 3664.387652873053, regret: 441.220780488131, arrivals: 3987.1711618530258, bounces: 2654.177086635963                                                                                                                               
Iteration complete, time: 739.4913575529936, error: 4.352831022487605                                                                                                                                                                       
Reward: 3665.7598148317143, regret: 439.7999240783293, arrivals: 4001.4070652150417, bounces: 2666.7646892647117                                                                                                                            
Trajectory-Based Iteration finished, time: 928.7419356870232, profit 3665.7598148317143                                                                                                                                                     
reward: 3665.7598148317143, bounces: 2666.7646892647117, profits: 2332.377470199359, rebalancing: 163.7676060082812                                                                                                                         

----------------------------------------------------------------------------------------------------------
simulated annealing finished. expecting profits of -850.1255956239589                                                 
original cell levels: [10.0, 10.0, 10.0, 10.0, 10.0, 10.0, 10.0, 10.0, 10.0, 10.0, 10.0, 10.0, 10.0, 10.0, 10.0, 10.0, 10.0, 10.0, 10.0, 10.0, 10.0, 10.0, 10.0, 10.0, 10.0, 10.0, 10.0, 10.0, 10.0, 10.0, 10.0, 10.0, 10.0, 10.0, 10.0, 10.
0, 10.0, 10.0, 10.0, 10.0, 10.0, 10.0, 10.0, 10.0, 10.0, 10.0, 10.0, 10.0, 10.0, 10.0, 10.0, 10.0, 10.0, 10.0, 10.0, 10.0, 10.0, 10.0]
original prices: [1.0, 1.0, 1.0, 1.0, 1.0, 1.0, 1.0, 1.0, 1.0, 1.0, 1.0, 1.0, 1.0, 1.0, 1.0, 1.0, 1.0, 1.0, 1.0, 1.0, 1.0, 1.0, 1.0, 1.0, 1.0, 1.0, 1.0, 1.0, 1.0, 1.0, 1.0, 1.0, 1.0, 1.0, 1.0, 1.0, 1.0, 1.0, 1.0, 1.0, 1.0, 1.0, 1.0, 1.0
, 1.0, 1.0, 1.0, 1.0, 1.0, 1.0, 1.0, 1.0, 1.0, 1.0, 1.0, 1.0, 1.0, 1.0]                                               
new cell levels: [6.0, 12.0, 9.0, 9.0, 9.0, 10.0, 8.0, 10.0, 11.0, 11.0, 11.0, 8.0, 11.0, 7.0, 9.0, 10.0, 13.0, 10.0, 10.0, 10.0, 9.0, 13.0, 7.0, 10.0, 10.0, 13.0, 11.0, 12.0, 8.0, 10.0, 12.0, 9.0, 8.0, 10.0, 11.0, 7.0, 11.0, 10.0, 12.0
, 11.0, 7.0, 11.0, 12.0, 10.0, 11.0, 10.0, 10.0, 10.0, 10.0, 10.0, 11.0, 9.0, 10.0, 12.0, 12.0, 10.0, 6.0, 7.0]       
new prices: [1.1, 1.0, 0.9, 1.0, 0.9, 1.1, 1.0, 0.9, 1.0, 1.0, 1.1, 1.0, 1.0, 1.1, 1.0, 1.0, 1.0, 0.8, 1.0, 1.1, 0.9, 1.2000000000000002, 1.1, 1.2000000000000002, 1.0, 1.0, 0.8, 1.1, 0.8, 1.0, 1.0, 1.0, 1.0, 1.0, 1.0, 1.1, 0.9, 1.1, 0.9
, 1.0, 1.0, 1.0, 1.1, 1.1, 1.0, 1.0, 0.8, 1.0, 0.8, 1.1, 0.9, 1.1, 1.0, 0.9, 0.9, 1.0, 1.0, 0.9]                      
At iteration 0...profit: 2332.3774701993584, regret: 439.7999240783293, rebalancing costs: 163.7676060082812          
previous iterations: [2332.3774701993584]                                                                             
.with rebalancing costs: [163.7676060082812]                                                                          
and regret: [439.7999240783293]                                                                                       
running hours: 5 -> 21                                                                                                
Running Trajectory-Based Control (parallelized, limit: False)                                                         
Reward: 1971.0191296826613, regret: 2145.639348165098, arrivals: 123.51984189316177, bounces: 20.66290253318708       
Iteration complete, time: 211.86953965201974, error: inf                                                              
Reward: 3320.1543514721034, regret: 772.0169572573145, arrivals: 2468.4235909182116, bounces: 917.4719967962221       
Iteration complete, time: 424.32538181898417, error: 35.196735192019815                                               
7Reward: 3639.102576679532, regret: 446.2114010146307, arrivals: 3807.65644851702, bounces: 2037.0866677802048        
Iteration complete, time: 641.7493874969659, error: 24.0513472742091                                                  
Reward: 3663.4068401104782, regret: 421.6734675301002, arrivals: 4022.8032444105897, bounces: 2284.8907663189652      
Iteration complete, time: 852.0186726389802, error: 4.561972402091949                                                 
Reward: 3664.2698925280592, regret: 420.66603495791884, arrivals: 4034.982054090407, bounces: 2295.7991082266103      
Trajectory-Based Iteration finished, time: 1059.5966424740036, profit 3664.2698925280583                              
reward: 3664.2698925280592, bounces: 2295.7991082266103, profits: 2516.370338414752, rebalancing: 164.10829391835787  
-----------------------------------------------------------------------------------------------------------------
simulated annealing finished. expecting profits of 886.3982230612806                                                                                                                                                                        
original cell levels: [10.0, 12.0, 10.0, 4.0, 4.0, 13.0, 4.0, 14.0, 11.0, 20.0, 9.0, 5.0, 14.0, 1.0, 10.0, 10.0, 14.0, 14.0, 8.0, 14.0, 12.0, 13.0, 5.0, 10.0, 12.0, 16.0, 8.0, 14.0, 10.0, 9.0, 12.0, 12.0, 5.0, 11.0, 14.0, 5.0, 7.0, 13.0
, 11.0, 4.0, 11.0, 11.0, 13.0, 10.0, 5.0, 6.0, 10.0, 10.0, 3.0, 10.0, 9.0, 3.0, 10.0, 11.0, 7.0, 11.0, 11.0, 4.0]                                                                                                                           
original prices: [1.0, 1.1, 1.0, 1.1, 0.9, 1.2000000000000002, 1.0, 0.9, 0.8, 0.9, 1.1, 1.0, 0.9, 1.0, 0.9, 0.8, 1.1, 0.7000000000000001, 1.0, 1.1, 0.8999999999999999, 1.1, 1.0, 1.2000000000000002, 0.9, 1.0, 1.0, 1.0, 0.9, 1.1, 0.9, 1.0
, 1.1, 0.9, 1.1, 1.2000000000000002, 1.0, 0.9, 1.1, 0.8, 1.0, 1.1, 1.0, 1.1, 0.8, 0.9, 0.9, 1.0999999999999999, 0.7000000000000001, 1.1, 1.0, 0.9999999999999999, 1.0, 0.8, 0.9, 1.2, 0.9, 1.0000000000000002]                              
new cell levels: [7.0, 10.0, 12.0, 4.0, 5.0, 13.0, 3.0, 12.0, 10.0, 20.0, 10.0, 9.0, 14.0, 2.0, 11.0, 10.0, 14.0, 13.0, 6.0, 16.0, 12.0, 13.0, 4.0, 10.0, 12.0, 18.0, 8.0, 13.0, 10.0, 9.0, 12.0, 11.0, 5.0, 14.0, 15.0, 5.0, 3.0, 15.0, 12.
0, 3.0, 12.0, 11.0, 14.0, 10.0, 6.0, 6.0, 10.0, 10.0, 3.0, 10.0, 9.0, 2.0, 10.0, 11.0, 9.0, 11.0, 11.0, 3.0]                                                                                                                                
new prices: [1.0, 1.1, 1.0, 1.0, 0.8, 1.2000000000000002, 1.0, 0.9, 0.8, 0.9, 1.1, 0.8, 0.8, 1.0, 0.9, 0.7000000000000001, 1.1, 0.7000000000000001, 1.0, 1.1, 0.9999999999999999, 1.1, 1.1, 1.2000000000000002, 0.8, 1.0, 1.0, 1.0, 1.0, 1.1
, 0.9, 1.0, 1.1, 1.0, 1.1, 1.1, 1.0, 0.9, 1.0, 0.8, 1.1, 1.1, 1.1, 1.1, 0.9, 0.8, 0.9, 1.0999999999999999, 0.7000000000000001, 1.1, 1.0, 0.8999999999999999, 0.8, 0.9, 0.9, 1.2, 0.9, 1.0000000000000002]                                   
At iteration 3...profit: 3179.508046254492, regret: 386.810976900097, rebalancing costs: 167.43637773993362                                                                                                                                 
previous iterations: [2332.3774701993584, 2516.370338414754, 3058.8246199597893, 3179.508046254492]                                                                                                                                         
.with rebalancing costs: [163.7676060082812, 164.10829391835787, 169.10632630380553, 167.43637773993362]                                                                                                                                    
and regret: [439.7999240783293, 420.66603495791884, 418.90164656233264, 386.810976900097]                                                                                                                                                   
running hours: 5 -> 21                                                                                                                                                                                                                      
Running Trajectory-Based Control (parallelized, limit: False)                                                                                                                                                                               
Reward: 1855.3796328301023, regret: 2247.2271977654227, arrivals: 116.2590339184848, bounces: 18.765926125638618                                                                                                                            
Iteration complete, time: 197.39938676700694, error: inf                                                                                                                                                                                    
Reward: 3209.92489098295, regret: 855.3842281154512, arrivals: 2309.2829032657332, bounces: 273.80208723873204                                                                                                                              
Iteration complete, time: 403.9328981760191, error: 33.89146286670335                                                                                                                                                                       
Reward: 3660.890514923994, regret: 397.25875160621666, arrivals: 3755.4898410823753, bounces: 665.4473285164393                                                                                                                             
Iteration complete, time: 605.9064524120186, error: 24.07031132631044                                                                                                                                                                       
Reward: 3690.0652215172204, regret: 366.9544783969557, arrivals: 4049.390387866825, bounces: 814.0311214048032                                                                                                                              
Iteration complete, time: 808.0921518490068, error: 5.602576405716336                                                                                                                                                                       
Reward: 3690.217555149312, regret: 366.7077211788507, arrivals: 4056.593343908053, bounces: 818.0589781167571                                                                                                                               
Trajectory-Based Iteration finished, time: 1016.8634924510261, profit 3690.2175551493124                                                                                                                                                    
reward: 3690.217555149312, bounces: 818.0589781167571, profits: 3281.188066090933, rebalancing: 164.4776351933134                                                                                                                           
