Params: 1 step, rebalancing costs of 0.1, bounce cost of 0.5

Inital revenue: 3666 (bounces of 928.8)

After annealing step 1:

Reward: 208.52614495049198, regret: 19.067584948973696, arrivals: 278.71074043560003, bounces: 20.90306738769411
Iteration complete, time: 117.56845681200502, error: 0.17214662057667685
Reward: 347.4856698808439, regret: 47.57760168919653, arrivals: 514.0929133200746, bounces: 43.49563733961179
Trajectory-Based Iteration finished, time: 196.77054044097895, profit 457.8191454297275
simulated annealing finished. expecting profits of 3055.9418020245853
original cell levels: [10.0, 10.0, 10.0, 10.0, 10.0, 10.0, 10.0, 10.0, 10.0, 10.0, 10.0, 10.0, 10.0, 10.0, 10.0, 10.0, 10.0, 10.0, 10.0, 10.0, 10.0, 10.0, 10.0, 10.0, 10.0, 10.0, 10.0, 10.0, 10.0, 10.0, 10.0, 10.0, 10.0, 10.0, 10.0, 10.0, 10.0, 10.0, 10.0, 10.0, 10.0, 10.0, 10.0, 10.0, 10.0, 10.0, 10.0, 10.0, 10.0, 10.0, 10.0, 10.0, 10.0, 10.0, 10.0, 10.0, 10.0, 10.0]
original prices: [1.0, 1.0, 1.0, 1.0, 1.0, 1.0, 1.0, 1.0, 1.0, 1.0, 1.0, 1.0, 1.0, 1.0, 1.0, 1.0, 1.0, 1.0, 1.0, 1.0, 1.0, 1.0, 1.0, 1.0, 1.0, 1.0, 1.0, 1.0, 1.0, 1.0, 1.0, 1.0, 1.0, 1.0, 1.0, 1.0, 1.0, 1.0, 1.0, 1.0, 1.0, 1.0, 1.0, 1.0, 1.0, 1.0, 1.0, 1.0, 1.0, 1.0, 1.0, 1.0, 1.0, 1.0, 1.0, 1.0, 1.0, 1.0]
new cell levels: [8.0, 13.0, 9.0, 9.0, 3.0, 11.0, 7.0, 10.0, 10.0, 11.0, 10.0, 11.0, 10.0, 10.0, 10.0, 10.0, 12.0, 11.0, 8.0, 15.0, 8.0, 9.0, 7.0, 10.0, 9.0, 13.0, 11.0, 14.0, 15.0, 13.0, 10.0, 8.0, 6.0, 10.0, 11.0, 11.0, 10.0, 12.0, 8.0, 8.0, 13.0, 11.0, 10.0, 10.0, 7.0, 9.0, 10.0, 10.0, 10.0, 10.0, 8.0, 7.0, 10.0, 10.0, 16.0, 14.0, 2.0, 5.0]
new prices: [1.0, 1.0, 1.0, 0.9, 1.0, 1.0, 1.2000000000000002, 1.1, 1.0, 1.0, 1.0, 1.0, 1.0, 0.8, 1.1, 0.9, 1.0, 0.9999999999999999, 1.0, 1.0, 1.1, 1.2000000000000002, 1.1, 0.8, 0.8, 1.0, 1.0, 0.9, 1.0, 0.9, 0.9, 1.0, 1.1, 1.0999999999999999, 1.1, 1.0, 1.0, 1.0, 1.0, 0.9, 1.1, 0.9, 1.2000000000000002, 1.0, 1.1, 0.9, 1.2000000000000002, 1.1000000000000003, 0.9, 1.0, 0.9999999999999999, 1.0, 1.0, 1.0, 1.1, 1.0, 1.0, 1.0000000000000002]
At iteration 0...profit: 3201.7872937794295, regret: 439.43765847217577, rebalancing costs: 1637.8596665018258
previous iterations: [3201.7872937794295]
.with rebalancing costs: [1637.8596665018258]
and regret: [439.43765847217577]
running hours: 5 -> 21


after annealing step 2:
original cell levels: [8.0, 13.0, 9.0, 9.0, 3.0, 11.0, 7.0, 10.0, 10.0, 11.0, 10.0, 11.0, 10.0, 10.0, 10.0, 10.0, 12.0, 11.0, 8.0, 15.0, 8.0, 9.0, 7.0, 10.0, 9.0, 13.0, 11.0, 14.0, 15.0, 13.0, 10.0, 8.0, 6.0, 10.0, 11.0, 11.0, 10.0, 12.
0, 8.0, 8.0, 13.0, 11.0, 10.0, 10.0, 7.0, 9.0, 10.0, 10.0, 10.0, 10.0, 8.0, 7.0, 10.0, 10.0, 16.0, 14.0, 2.0, 5.0]
original prices: [1.0, 1.0, 1.0, 0.9, 1.0, 1.0, 1.2000000000000002, 1.1, 1.0, 1.0, 1.0, 1.0, 1.0, 0.8, 1.1, 0.9, 1.0, 0.9999999999999999, 1.0, 1.0, 1.1, 1.2000000000000002, 1.1, 0.8, 0.8, 1.0, 1.0, 0.9, 1.0, 0.9, 0.9, 1.0, 1.1, 1.0999999999999999, 1.1, 1.0, 1.0, 1.0, 1.0, 0.9, 1.1, 0.9, 1.2000000000000002, 1.0, 1.1, 0.9, 1.2000000000000002, 1.1000000000000003, 0.9, 1.0, 0.9999999999999999, 1.0, 1.0, 1.0, 1.1, 1.0, 1.0, 1.0000000000000002]
new cell levels: [8.0, 12.0, 9.0, 3.0, 4.0, 12.0, 8.0, 10.0, 9.0, 19.0, 10.0, 6.0, 8.0, 6.0, 9.0, 10.0, 12.0, 14.0, 8.0, 15.0, 12.0, 12.0, 7.0, 10.0, 8.0, 18.0, 10.0, 14.0, 14.0, 12.0, 7.0, 9.0, 6.0, 10.0, 11.0, 11.0, 7.0, 8.0, 15.0, 8.0, 13.0, 15.0, 11.0, 10.0, 6.0, 6.0, 10.0, 15.0, 3.0, 11.0, 11.0, 1.0, 10.0, 8.0, 19.0, 19.0, 2.0, 5.0]
new prices: [1.0, 1.0, 1.0, 0.7000000000000001, 1.0, 1.1, 1.0, 1.1, 1.0, 1.0, 1.0, 0.8, 1.0, 0.7000000000000001, 1.0, 0.8, 1.2000000000000002, 0.8999999999999999, 1.0, 1.0, 1.0999999999999999, 1.3000000000000005, 1.0, 0.6000000000000001, 0.9000000000000001, 1.3000000000000003, 0.9, 0.9, 1.1, 1.0, 0.9, 1.1, 1.1, 1.0999999999999999, 1.1, 1.0, 1.1, 0.9, 1.3000000000000003, 0.9, 1.1, 1.0, 1.2000000000000002, 1.0, 1.1, 1.0, 1.1, 1.0000000000000002, 1.1, 1.1, 1.0999999999999999, 1.1, 0.8, 0.9, 1.0, 1.1, 1.1, 1.0000000000000002]
At iteration 1...profit: 3311.4551046099405, regret: 365.7132538021183, rebalancing costs: 1630.967263116222
previous iterations: [3201.7872937794295, 3311.4551046099405]
.with rebalancing costs: [1637.8596665018258, 1630.967263116222]
and regret: [439.43765847217577, 365.7132538021183]
running hours: 5 -> 21
Running Trajectory-Based Control (parallelized, limit: False)
Reward: 2062.924089012107, regret: 1972.1652391568298, arrivals: 124.50904260960037, bounces: 335.3074130036949
Iteration complete, time: 342.56732480198843, error: inf
Reward: 3475.780690467493, regret: 562.4048735565412, arrivals: 2463.999486551, bounces: 517.439032711783
Iteration complete, time: 689.6182043169974, error: 34.54378950112206
Reward: 3773.7054677183787, regret: 266.76546103111014, arrivals: 3810.7080038501354, bounces: 699.3073533266601
Iteration complete, time: 1035.1186905070208, error: 24.12390762245984
Reward: 3781.5420629057658, regret: 258.40765952622434, arrivals: 3939.864649161953, bounces: 717.4931654132231
Iteration complete, time: 1360.7816677250084, error: 2.2472356629918515
Reward: 3780.3046035340362, regret: 260.2247767400092, arrivals: 3941.1864404399626, bounces: 717.5928937455284
Trajectory-Based Iteration finished, time: 1681.1207112370175, profit 3780.3046035340353
reward: 3780.3046035340362, bounces: 717.5928937455284, profits: 3421.508156661274, rebalancing: 1631.5084629088085

original cell levels: [8.0, 12.0, 9.0, 3.0, 4.0, 12.0, 8.0, 10.0, 9.0, 19.0, 10.0, 6.0, 8.0, 6.0, 9.0, 10.0, 12.0, 14.0, 8.0, 15.0, 12.0, 12.0, 7.0, 10.0, 8.0, 18.0, 10.0, 14.0, 14.0, 12.0, 7.0, 9.0, 6.0, 10.0, 11.0, 11.0, 7.0, 8.0, 15.
0, 8.0, 13.0, 15.0, 11.0, 10.0, 6.0, 6.0, 10.0, 15.0, 3.0, 11.0, 11.0, 1.0, 10.0, 8.0, 19.0, 19.0, 2.0, 5.0]                                                                                                                                
original prices: [1.0, 1.0, 1.0, 0.7000000000000001, 1.0, 1.1, 1.0, 1.1, 1.0, 1.0, 1.0, 0.8, 1.0, 0.7000000000000001, 1.0, 0.8, 1.2000000000000002, 0.8999999999999999, 1.0, 1.0, 1.0999999999999999, 1.3000000000000005, 1.0, 0.60000000000
00001, 0.9000000000000001, 1.3000000000000003, 0.9, 0.9, 1.1, 1.0, 0.9, 1.1, 1.1, 1.0999999999999999, 1.1, 1.0, 1.1, 0.9, 1.3000000000000003, 0.9, 1.1, 1.0, 1.2000000000000002, 1.0, 1.1, 1.0, 1.1, 1.0000000000000002, 1.1, 1.1, 1.0999999
999999999, 1.1, 0.8, 0.9, 1.0, 1.1, 1.1, 1.0000000000000002]                                                                                                                                                                                
new cell levels: [8.0, 11.0, 13.0, 3.0, 8.0, 10.0, 6.0, 10.0, 11.0, 19.0, 10.0, 2.0, 9.0, 6.0, 8.0, 10.0, 12.0, 15.0, 8.0, 15.0, 10.0, 12.0, 6.0, 10.0, 9.0, 17.0, 10.0, 13.0, 14.0, 11.0, 7.0, 11.0, 6.0, 10.0, 11.0, 11.0, 4.0, 8.0, 13.0,
 6.0, 12.0, 15.0, 12.0, 10.0, 3.0, 6.0, 10.0, 15.0, 4.0, 11.0, 9.0, 1.0, 10.0, 10.0, 19.0, 20.0, 3.0, 5.0]                                                                                                                                  
 new prices: [1.0, 1.0, 0.9, 0.8, 1.0, 1.1, 0.8999999999999999, 1.1, 1.0, 1.0, 1.0, 1.0, 1.0, 0.8, 1.1, 0.8, 1.1, 0.8999999999999999, 1.0, 1.0, 1.0999999999999999, 1.1000000000000003, 1.0, 0.6000000000000001, 0.9, 1.3000000000000003, 0.9
 , 0.9, 0.9, 1.0, 0.9, 1.1, 1.1, 1.0999999999999999, 1.1, 1.0, 1.1, 0.9, 1.3000000000000003, 0.9, 1.1, 1.0, 1.2000000000000002, 1.1, 1.1, 1.0, 1.1, 1.0000000000000002, 1.0, 1.1, 1.2, 1.1, 0.8, 0.9, 1.0, 1.0, 1.1, 1.0000000000000002]     
 

after annealing step 3:
 At iteration 2...profit: 3421.508156661272, regret: 260.2247767400092, rebalancing costs: 1631.5084629088085                                                                                                                               
 previous iterations: [3201.7872937794295, 3311.4551046099405, 3421.508156661272]                                                                                                                                                           
 .with rebalancing costs: [1637.8596665018258, 1630.967263116222, 1631.5084629088085]                                                                                                                                                       
 and regret: [439.43765847217577, 365.7132538021183, 260.2247767400092]                                                                                                                                                                     
 running hours: 5 -> 21                                                                                                                                                                                                                     
 Running Trajectory-Based Control (parallelized, limit: False)                                                                                                                                                                              
 Reward: 2036.3215349674463, regret: 1999.6167960619248, arrivals: 124.69466625719744, bounces: 299.5485417133066                                                                                                                           
 Iteration complete, time: 341.6139527480118, error: inf                                                                                                                                                                                      Reward: 3466.7399584670197, regret: 582.720323645623, arrivals: 2457.2687657496426, bounces: 466.37045791629095
 Iteration complete, time: 610.2044666499714, error: 34.55361165366468
 Reward: 3787.573836091117, regret: 265.96049480694387, arrivals: 3815.8280079821066, bounces: 638.2281174371446
 Iteration complete, time: 884.695232396014, error: 22.761360918955965
 Reward: 3795.1040020438822, regret: 258.4161567631967, arrivals: 3959.948073631797, bounces: 658.0155842634764
 Iteration complete, time: 1154.5892379920115, error: 2.7065568889241973
 Reward: 3795.869695555256, regret: 257.5871508077926, arrivals: 3960.67760196686, bounces: 658.1744953078596
 Trajectory-Based Iteration finished, time: 1429.1917768209823, profit 3795.8696955552564
 reward: 3795.869695555256, bounces: 658.1744953078596, profits: 3466.7824479013266, rebalancing: 1664.503476105316

